9
Dhaka, 24.4, 90.8
Chattogram, 22.3, 91.8
Rajshahi, 24.4, 88.6
Sylhet, 24.9, 91.9
London, 51.5, 0.12
Tokyo, 35.7, 139.75
Nairobi, -1.3, 36.8
New_York, 40.7, -74.0
Honolulu, 21.3, -157.86

     /*--city info. to be discarded--*/
city,btime, bcost, ttime, tcost, ptime, pcost

<--------------dhaka------------------->
Dhaka
5
Rajshahi, 5, 680, 4.5, 580, 1.4, 2200
Chattogram, 4.5, 580, 4, 480, 1.5, 3000
London, 0, 0, 0, 0, 8, 45000
Tokyo, 0, 0, 0, 0, 6.5, 37000
Sylhet, 4, 500, 4.5, 600, 1.5, 35000

<---------------ctg--------------------->
Chattogram
2
Dhaka, 4.5, 580, 4, 480, 1.5, 3000
Sylhet, 8, 790, 6, 860, 2, 45000

<---------------raj--------------------->
Rajshahi
1
Dhaka, 5, 680, 4.5, 580, 1.4, 2200

<---------------syl--------------------->
Sylhet
2
Chattogram, 8, 790, 6, 860, 2, 45000
Dhaka, 4, 500, 4.5, 600, 1.5, 35000

<--------------london----------------->
London
4
Dhaka, 0, 0, 0, 0, 8, 45000
Tokyo, 0, 0, 0, 0, 9, 55000
Nairobi, 0, 0, 0, 0, 14, 75000
New_York, 0, 0, 0, 0, 50000

<--------------tokyo---------------------->
Tokyo
4
Dhaka, 0, 0, 0, 0, 6.5, 39000
London, 0, 0, 0, 0, 11, 61000
Nairobi, 0, 0, 0, 0, 9, 55000
Honolulu, 0, 0, 0, 0, 52000

<-------------nairobi----------------------->
Nairobi
2
Tokyo, 0, 0, 0, 0, 9, 55000
London, 0, 0, 0, 0, 14, 75000

<-----------NY----------------------------->
New_York
2
London, 0, 0, 0, 0, 50000
Honolulu, 0, 0, 0, 0, 38000

<---------Hon---------------------------->
Honolulu
2
New_York, 0, 0, 0, 0, 38000
Tokyo, 0, 0, 0, 0, 52000
